%Date         grsh-loc  grsh-ncsl   unit-test-loc num-unit-tests  test-time
%-----------  --------  ----------  ------------- --------------  ---------
 4 11 1998      1232       878          0            0              0.0
22 12 1998      2925      2041          0            0              0.0
 5  3 1999      5333      3646          0            0              0.0
 8 11 1999     29717     18839       3321          712              0.0
 9 11 1999     29990     19102       3412          733             16.5
11 11 1999     30815     18840       3412          733             15.5
15 11 1999     31207     19094       3412          733             15.9
16 11 1999     31693     19385       3412          733             15.0
17 11 1999     31978     19529       3412          733             15.0
20 11 1999     32326     19478       3412          733             15.0
21 11 1999     32608     19584       3412          733             15.5
29 11 1999     32638     19570       3412          733             15.5
 1 12 1999     33131     19771       3412          733             15.5
 3 12 1999     33275     19881       3415          733             15.4
14 12 1999     34563     20622       3415          733             15.5